#Layer_Color=8388736
#
#Feature symbol names
#
$0 r0.0394

#
#Feature attribute names
#

#
#Layer features
#
L 0.303189 1.1513465 0.303189 1.1946535 0 P 0
L 0.303189 1.1513465 0.326811 1.1513465 0 P 0
L 0.303189 1.1946535 0.326811 1.1946535 0 P 0
L 0.326811 1.1513465 0.326811 1.1946535 0 P 0
L 0.377189 1.1223465 0.377189 1.1656535 0 P 0
L 0.377189 1.1223465 0.400811 1.1223465 0 P 0
L 0.377189 1.1656535 0.400811 1.1656535 0 P 0
L 0.400811 1.1223465 0.400811 1.1656535 0 P 0
L 0.4147347 1.1220474 0.4147347 1.1653544 0 P 0
L 0.4147347 1.1220474 0.4383567 1.1220474 0 P 0
L 0.4147347 1.1653544 0.4383567 1.1653544 0 P 0
L 0.4383567 1.1220474 0.4383567 1.1653544 0 P 0
L 2.0282619 1.4820345 2.0282619 1.5056565 0 P 0
L 2.0282619 1.4820345 2.0715689 1.4820345 0 P 0
L 2.0282619 1.5056565 2.0715689 1.5056565 0 P 0
L 2.0292458 1.5214045 2.0292458 1.5450265 0 P 0
L 2.0292458 1.5214045 2.0725528 1.5214045 0 P 0
L 2.0292458 1.5450265 2.0725528 1.5450265 0 P 0
L 2.0715689 1.4820345 2.0715689 1.5056565 0 P 0
L 2.0725528 1.5214045 2.0725528 1.5450265 0 P 0
L 2.4325 1.5194697 2.4325 1.5430917 0 P 0
L 2.4325 1.5194697 2.475807 1.5194697 0 P 0
L 2.4325 1.5430917 2.475807 1.5430917 0 P 0
L 2.4325005 1.4820682 2.4325005 1.5056902 0 P 0
L 2.4325005 1.4820682 2.4758075 1.4820682 0 P 0
L 2.4325005 1.5056902 2.4758075 1.5056902 0 P 0
L 2.475807 1.5194697 2.475807 1.5430917 0 P 0
L 2.4758075 1.4820682 2.4758075 1.5056902 0 P 0
L 3.1200784 0.1978347 3.1200784 0.2214567 0 P 0
L 3.1200784 0.1978347 3.1633854 0.1978347 0 P 0
L 3.1200784 0.2214567 3.1633854 0.2214567 0 P 0
L 3.1200784 0.2405371 3.1200784 0.2641591 0 P 0
L 3.1200784 0.2405371 3.1633854 0.2405371 0 P 0
L 3.1200784 0.2641591 3.1633854 0.2641591 0 P 0
L 3.1633854 0.1978347 3.1633854 0.2214567 0 P 0
L 3.1633854 0.2405371 3.1633854 0.2641591 0 P 0
