#Layer_Color=32768
#
#Feature symbol names
#
$0 r7.874
$1 r3.937
$2 r1.9685

#
#Feature attribute names
#

#
#Layer features
#
L 0.29 1.015441 0.29 1.0705591 2 P 0
L 0.29 1.015441 0.34 1.015441 2 P 0
L 0.29 1.0705591 0.34 1.0705591 2 P 0
L 0.295315 1.043 0.3346851 1.043 1 P 0
L 0.315 1.023315 0.315 1.0626851 1 P 0
L 0.331693 0.7982283 0.331693 0.8848425 2 P 0
L 0.331693 0.7982283 0.371063 0.7982283 2 P 0
L 0.331693 0.8848425 0.371063 0.8848425 2 P 0
L 0.34 1.015441 0.34 1.0705591 2 P 0
L 0.3415355 0.8415354 0.3612205 0.8415354 1 P 0
L 0.351378 0.8316929 0.351378 0.8513779 1 P 0
L 0.367315 1.1126929 0.367315 1.1993071 2 P 0
L 0.367315 1.1126929 0.406685 1.1126929 2 P 0
L 0.367315 1.1993071 0.406685 1.1993071 2 P 0
L 0.371063 0.7982283 0.371063 0.8848425 2 P 0
L 0.3771575 1.156 0.3968425 1.156 1 P 0
L 0.387 1.1461575 0.387 1.1658425 1 P 0
L 0.397132 1.3182629 0.4365021 1.3182631 1 P 0
L 0.406685 1.1126929 0.406685 1.1993071 2 P 0
L 0.4070866 1.7879922 0.4070866 1.9198819 1 P 0
L 0.4070866 1.7879922 0.4814961 1.7879922 1 P 0
L 0.4070866 1.9198819 0.4814961 1.9198819 1 P 0
L 0.4172335 1.2985799 0.4172335 1.33795 1 P 0
L 0.4370079 1.855315 0.4527559 1.855315 1 P 0
L 0.4448819 1.847441 0.4448819 1.863189 1 P 0
L 0.4814961 1.7879922 0.4814961 1.9198819 1 P 0
L 0.4881889 0.7736221 0.4881889 1.2972442 1 P 0
L 0.4881889 0.7736221 1.011811 0.7736221 1 P 0
L 0.4881889 1.2972442 1.011811 1.2972442 1 P 0
L 0.5271653 1.7879921 0.5271653 1.9198818 1 P 0
L 0.5271653 1.7879921 0.6015748 1.7879921 1 P 0
L 0.5271653 1.9198818 0.6015748 1.9198818 1 P 0
L 0.5570866 1.8553149 0.5728346 1.8553149 1 P 0
L 0.5649606 1.8474409 0.5649606 1.8631889 1 P 0
L 0.5738189 1.4547244 0.5738189 1.5846457 2 P 0
L 0.5738189 1.4547244 0.7116141 1.4547244 2 P 0
L 0.5738189 1.5846457 0.7116141 1.5846457 2 P 0
L 0.6015748 1.7879921 0.6015748 1.9198818 1 P 0
L 0.6230315 1.5196851 0.6624015 1.5196851 1 P 0
L 0.6427165 1.5 0.6427165 1.5393701 1 P 0
L 0.6511811 1.7879922 0.6511811 1.9198819 1 P 0
L 0.6511811 1.7879922 0.7255906 1.7879922 1 P 0
L 0.6511811 1.9198819 0.7255906 1.9198819 1 P 0
L 0.6811024 1.855315 0.6968504 1.855315 1 P 0
L 0.6889764 1.847441 0.6889764 1.863189 1 P 0
L 0.7116141 1.4547244 0.7116141 1.5846457 2 P 0
L 0.7255906 1.7879922 0.7255906 1.9198819 1 P 0
L 0.7303149 1.0354331 0.769685 1.0354331 1 P 0
L 0.75 1.0157481 0.75 1.0551182 1 P 0
L 0.7692913 1.7879922 0.7692913 1.9198819 1 P 0
L 0.7692913 1.7879922 0.8437008 1.7879922 1 P 0
L 0.7692913 1.9198819 0.8437008 1.9198819 1 P 0
L 0.7992126 1.855315 0.8149606 1.855315 1 P 0
L 0.8070866 1.847441 0.8070866 1.863189 1 P 0
L 0.8437008 1.7879922 0.8437008 1.9198819 1 P 0
L 0.8883858 1.7879921 0.8883858 1.9198818 1 P 0
L 0.8883858 1.7879921 0.9627953 1.7879921 1 P 0
L 0.8883858 1.9198818 0.9627953 1.9198818 1 P 0
L 0.9183071 1.8553149 0.9340551 1.8553149 1 P 0
L 0.9251969 0.2913387 0.964567 0.2913387 1 P 0
L 0.9261811 1.8474409 0.9261811 1.8631889 1 P 0
L 0.9448819 0.2716537 0.9448819 0.3110238 1 P 0
L 0.9627953 1.7879921 0.9627953 1.9198818 1 P 0
L 1.011811 0.7736221 1.011811 1.2972442 1 P 0
L 1.0275591 0.4387007 1.0275591 0.7485433 2 P 0
L 1.0275591 0.4387007 3.0669291 0.4387007 2 P 0
L 1.0275591 0.7485433 3.0669291 0.7485433 2 P 0
L 1.0867125 1.5213629 1.0867125 1.7221503 2 P 0
L 1.0867125 1.5213629 1.2441928 1.5213629 2 P 0
L 1.0867125 1.7221503 1.2441928 1.7221503 2 P 0
L 1.1457676 1.6217566 1.1851377 1.6217566 1 P 0
L 1.1654527 1.6020716 1.1654527 1.6414417 1 P 0
L 1.2441928 1.5213629 1.2441928 1.7221503 2 P 0
L 1.5192362 0.3650787 1.5192362 0.5934251 1 P 0
L 1.5192362 0.3650787 1.7987638 0.3650787 1 P 0
L 1.5192362 0.5934251 1.7987638 0.5934251 1 P 0
L 1.7987638 0.3650787 1.7987638 0.5934251 1 P 0
L 2.5400038 0.9182285 2.5793739 0.9182287 1 P 0
L 2.5592724 0.8985416 2.5592724 0.9379117 1 P 0
L 3.0669291 0.4387007 3.0669291 0.7485433 2 P 0
L 3.179481 0.2293307 3.179481 0.3454725 0 P 0
L 3.179481 0.2293307 3.3290872 0.2293307 0 P 0
L 3.179481 0.3454725 3.3290872 0.3454725 0 P 0
L 3.2368628 0.2874016 3.2717054 0.2874016 1 P 0
L 3.2542841 0.2699803 3.2542841 0.3048229 1 P 0
L 3.3290872 0.2293307 3.3290872 0.3454725 0 P 0
