#Layer_Color=32896
#
#Feature symbol names
#
$0 r1.9685
$1 r7.874
$2 r5

#
#Feature attribute names
#

#
#Layer features
#
A 0.2440945 1.5226378 0.2440945 1.5226378 0.230315 1.5226378 0 P 0 N
A 0.3157795 0.952 0.3157795 0.952 0.302 0.952 0 P 0 N
A 0.3287401 1.5442913 0.3287401 1.5442913 0.3149606 1.5442913 0 P 0 N
A 0.3287795 1.173 0.3287795 1.173 0.315 1.173 0 P 0 N
A 0.3447795 1.298 0.3447795 1.298 0.331 1.298 0 P 0 N
A 0.3848425 0.9153543 0.3848425 0.9153543 0.371063 0.9153543 0 P 0 N
A 0.3848425 0.9566929 0.3848425 0.9566929 0.371063 0.9566929 0 P 0 N
A 0.3953315 1.3769685 0.3953315 1.3769685 0.3897638 1.3769685 1 P 0 N
A 0.3953315 1.3769685 0.3953315 1.3769685 0.3897638 1.3769685 1 P 0 N
A 0.4027795 1.144 0.4027795 1.144 0.389 1.144 0 P 0 N
A 0.4185039 1.0925196 0.4185039 1.0925196 0.4047244 1.0925196 0 P 0 N
A 0.4322933 1.4381024 0.4322933 1.4381024 0.4185138 1.4381024 0 P 0 N
A 0.4374015 0.8149606 0.4374015 0.8149606 0.423622 0.8149606 0 P 0 N
A 0.4374015 0.8683071 0.4374015 0.8683071 0.423622 0.8683071 0 P 0 N
A 0.4403252 1.1437009 0.4403252 1.1437009 0.4265457 1.1437009 0 P 0 N
A 0.4586614 1.7401575 0.4586614 1.7401575 0.4448819 1.7401575 0 P 0 N
A 0.4697795 1.182 0.4697795 1.182 0.456 1.182 0 P 0 N
A 0.4727795 0.976 0.4727795 0.976 0.459 0.976 0 P 0 N
A 0.5187008 1.5009843 0.5187008 1.5009843 0.5049213 1.5009843 0 P 0 N
A 0.5346457 1.3172913 0.5346457 1.3172913 0.5208662 1.3172913 0 P 0 N
A 0.5590551 1.5007875 0.5590551 1.5007875 0.5452756 1.5007875 0 P 0 N
A 0.5787401 1.7409449 0.5787401 1.7409449 0.5649606 1.7409449 0 P 0 N
A 0.5915354 1.4360236 0.5915354 1.4360236 0.5777559 1.4360236 0 P 0 N
A 0.6165354 1.3499999 0.6165354 1.3499999 0.6027559 1.3499999 0 P 0 N
A 0.6751968 0.7096457 0.6751968 0.7096457 0.6614173 0.7096457 0 P 0 N
A 0.7027559 1.7411417 0.7027559 1.7411417 0.6889764 1.7411417 0 P 0 N
A 0.7234252 1.5984253 0.7234252 1.5984253 0.7096457 1.5984253 0 P 0 N
A 0.7559055 1.5216536 0.7559055 1.5216536 0.742126 1.5216536 0 P 0 N
A 0.7627795 0.7090551 0.7627795 0.7090551 0.749 0.7090551 0 P 0 N
A 0.8208661 1.7409449 0.8208661 1.7409449 0.8070866 1.7409449 0 P 0 N
A 0.8267716 1.3316929 0.8267716 1.3316929 0.8129921 1.3316929 0 P 0 N
A 0.8267795 1.372 0.8267795 1.372 0.813 1.372 0 P 0 N
A 0.8661417 1.4115156 0.8661417 1.4115156 0.8523622 1.4115156 0 P 0 N
A 0.8720472 0.7291339 0.8720472 0.7291339 0.8582677 0.7291339 0 P 0 N
A 0.9357795 1.337 0.9357795 1.337 0.922 1.337 0 P 0 N
A 0.9399606 1.742126 0.9399606 1.742126 0.9261811 1.742126 0 P 0 N
A 1.0639764 0.9419291 1.0639764 0.9419291 1.0501969 0.9419291 0 P 0 N
A 1.0717795 1.111 1.0717795 1.111 1.058 1.111 0 P 0 N
A 1.1190945 1.4812992 1.1190945 1.4812992 1.105315 1.4812992 0 P 0 N
A 1.1437008 1.7493234 1.1437008 1.7493234 1.1299213 1.7493234 0 P 0 N
A 1.1879921 1.4812992 1.1879921 1.4812992 1.1742126 1.4812992 0 P 0 N
A 1.1898621 1.8100393 1.1898621 1.8100393 1.1760826 1.8100393 0 P 0 N
A 1.2109252 1.8780511 1.2109252 1.8780511 1.1971457 1.8780511 0 P 0 N
A 1.217618 1.7493234 1.217618 1.7493234 1.2038385 1.7493234 0 P 0 N
A 1.2471652 1.8100393 1.2471652 1.8100393 1.2333857 1.8100393 0 P 0 N
A 2.0636949 1.4938455 2.0636949 1.4938455 2.0499154 1.4938455 0 P 0 N
A 2.0646788 1.5332155 2.0646788 1.5332155 2.0508993 1.5332155 0 P 0 N
A 2.0840153 1.5525432 2.0840153 1.5525432 2.0702358 1.5525432 0 P 0 N
A 2.3681102 0.3740157 2.3681102 0.3740157 2.3543307 0.3740157 0 P 0 N
A 2.4486157 1.5505252 2.4486157 1.5505252 2.4348362 1.5505252 0 P 0 N
A 2.467933 1.5312807 2.467933 1.5312807 2.4541535 1.5312807 0 P 0 N
A 2.4679335 1.4938792 2.4679335 1.4938792 2.454154 1.4938792 0 P 0 N
A 2.4707795 0.884 2.4707795 0.884 2.457 0.884 0 P 0 N
A 2.4856293 1.5505252 2.4856293 1.5505252 2.4718498 1.5505252 0 P 0 N
A 2.5374015 0.1811024 2.5374015 0.1811024 2.523622 0.1811024 0 P 0 N
A 2.6200787 0.3021654 2.6200787 0.3021654 2.6062992 0.3021654 0 P 0 N
A 2.6200787 0.3759843 2.6200787 0.3759843 2.6062992 0.3759843 0 P 0 N
A 2.6602362 0.3937008 2.6602362 0.3937008 2.6464567 0.3937008 0 P 0 N
A 2.6716851 0.9177795 2.6716851 0.9177795 2.6579056 0.9177795 0 P 0 N
A 2.6875039 0.8648819 2.6875039 0.8648819 2.6737244 0.8648819 0 P 0 N
A 2.7031795 1.6162 2.7031795 1.6162 2.6894 1.6162 0 P 0 N
A 2.7096456 0.2529528 2.7096456 0.2529528 2.6958661 0.2529528 0 P 0 N
A 2.8100393 0.4124016 2.8100393 0.4124016 2.7962598 0.4124016 0 P 0 N
A 3.0767716 0.1692913 3.0767716 0.1692913 3.0629921 0.1692913 0 P 0 N
A 3.1555114 0.2096457 3.1555114 0.2096457 3.1417319 0.2096457 0 P 0 N
A 3.1555114 0.2523481 3.1555114 0.2523481 3.1417319 0.2523481 0 P 0 N
A 3.5137795 1.6811024 3.5137795 1.6811024 3.5 1.6811024 0 P 0 N
A 3.6137795 1.6811024 3.6137795 1.6811024 3.6 1.6811024 0 P 0 N
A 3.7137795 1.6811024 3.7137795 1.6811024 3.7 1.6811024 0 P 0 N
A 3.8145591 1.6811024 3.8145591 1.6811024 3.8007796 1.6811024 0 P 0 N
L 0.21063 1.4852362 0.21063 1.5600394 0 P 0
L 0.21063 1.4852362 0.25 1.4852362 0 P 0
L 0.21063 1.5226378 0.25 1.5226378 0 P 0
L 0.21063 1.5600394 0.25 1.5600394 0 P 0
L 0.230315 1.5029528 0.230315 1.5423228 0 P 0
L 0.25 1.4852362 0.25 1.5600394 0 P 0
L 0.265748 1.363189 0.265748 1.4812992 2 P 0
L 0.265748 1.363189 0.265748 1.4812992 2 P 0
L 0.265748 1.363189 0.3208662 1.363189 2 P 0
L 0.265748 1.363189 0.3208662 1.363189 2 P 0
L 0.265748 1.4812992 0.3208662 1.4812992 2 P 0
L 0.265748 1.4812992 0.3208662 1.4812992 2 P 0
L 0.277559 1.5246063 0.277559 1.5639763 0 P 0
L 0.277559 1.5246063 0.3523622 1.5246063 0 P 0
L 0.277559 1.5639763 0.3523622 1.5639763 0 P 0
L 0.282315 0.9145984 0.282315 0.9894016 0 P 0
L 0.282315 0.9145984 0.321685 0.9145984 0 P 0
L 0.282315 0.952 0.321685 0.952 0 P 0
L 0.282315 0.9894016 0.321685 0.9894016 0 P 0
L 0.2952756 1.5442913 0.3346456 1.5442913 0 P 0
L 0.295315 1.1355984 0.295315 1.2104016 0 P 0
L 0.295315 1.1355984 0.334685 1.1355984 0 P 0
L 0.295315 1.173 0.334685 1.173 0 P 0
L 0.295315 1.2104016 0.334685 1.2104016 0 P 0
L 0.302 0.932315 0.302 0.971685 0 P 0
L 0.311315 1.2605984 0.311315 1.3354016 0 P 0
L 0.311315 1.2605984 0.350685 1.2605984 0 P 0
L 0.311315 1.298 0.350685 1.298 0 P 0
L 0.311315 1.3354016 0.350685 1.3354016 0 P 0
L 0.3149606 1.5246063 0.3149606 1.5639763 0 P 0
L 0.315 1.153315 0.315 1.192685 0 P 0
L 0.3208662 1.363189 0.3208662 1.4812992 2 P 0
L 0.3208662 1.363189 0.3208662 1.4812992 2 P 0
L 0.321685 0.9145984 0.321685 0.9894016 0 P 0
L 0.331 1.278315 0.331 1.317685 0 P 0
L 0.3336614 0.8956693 0.3336614 0.9350393 0 P 0
L 0.3336614 0.8956693 0.4084646 0.8956693 0 P 0
L 0.3336614 0.9350393 0.4084646 0.9350393 0 P 0
L 0.3336614 0.9370079 0.3336614 0.9763779 0 P 0
L 0.3336614 0.9370079 0.4084646 0.9370079 0 P 0
L 0.3336614 0.9763779 0.4084646 0.9763779 0 P 0
L 0.334685 1.1355984 0.334685 1.2104016 0 P 0
L 0.350685 1.2605984 0.350685 1.3354016 0 P 0
L 0.351378 0.9153543 0.390748 0.9153543 0 P 0
L 0.351378 0.9566929 0.390748 0.9566929 0 P 0
L 0.3523622 1.5246063 0.3523622 1.5639763 0 P 0
L 0.3673228 1.0728346 0.3673228 1.1122046 0 P 0
L 0.3673228 1.0728346 0.442126 1.0728346 0 P 0
L 0.3673228 1.1122046 0.442126 1.1122046 0 P 0
L 0.369315 1.1065984 0.369315 1.1814016 0 P 0
L 0.369315 1.1065984 0.408685 1.1065984 0 P 0
L 0.369315 1.144 0.408685 1.144 0 P 0
L 0.369315 1.1814016 0.408685 1.1814016 0 P 0
L 0.371063 0.8956693 0.371063 0.9350393 0 P 0
L 0.371063 0.9370079 0.371063 0.9763779 0 P 0
L 0.3811122 1.4184174 0.3811122 1.4577874 0 P 0
L 0.3811122 1.4184174 0.4559154 1.4184174 0 P 0
L 0.3811122 1.4577874 0.4559154 1.4577874 0 P 0
L 0.3850394 1.0925196 0.4244094 1.0925196 0 P 0
L 0.3862204 0.7952756 0.3862204 0.8346456 0 P 0
L 0.3862204 0.7952756 0.4610236 0.7952756 0 P 0
L 0.3862204 0.8346456 0.4610236 0.8346456 0 P 0
L 0.3862204 0.8486221 0.3862204 0.8879921 0 P 0
L 0.3862204 0.8486221 0.4610236 0.8486221 0 P 0
L 0.3862204 0.8879921 0.4610236 0.8879921 0 P 0
L 0.389 1.124315 0.389 1.163685 0 P 0
L 0.3988288 1.4381024 0.4381988 1.4381024 0 P 0
L 0.403937 0.8149606 0.443307 0.8149606 0 P 0
L 0.403937 0.8683071 0.443307 0.8683071 0 P 0
L 0.4047244 1.0728346 0.4047244 1.1122046 0 P 0
L 0.4068607 1.1062993 0.4068607 1.1811025 0 P 0
L 0.4068607 1.1062993 0.4462307 1.1062993 0 P 0
L 0.4068607 1.1437009 0.4462307 1.1437009 0 P 0
L 0.4068607 1.1811025 0.4462307 1.1811025 0 P 0
L 0.4084646 0.8956693 0.4084646 0.9350393 0 P 0
L 0.4084646 0.9370079 0.4084646 0.9763779 0 P 0
L 0.408685 1.1065984 0.408685 1.1814016 0 P 0
L 0.4185138 1.4184174 0.4185138 1.4577874 0 P 0
L 0.423622 0.7952756 0.423622 0.8346456 0 P 0
L 0.423622 0.8486221 0.423622 0.8879921 0 P 0
L 0.4251969 1.7027559 0.4251969 1.7775591 0 P 0
L 0.4251969 1.7027559 0.4645669 1.7027559 0 P 0
L 0.4251969 1.7401575 0.4645669 1.7401575 0 P 0
L 0.4251969 1.7775591 0.4645669 1.7775591 0 P 0
L 0.4265457 1.1240159 0.4265457 1.1633859 0 P 0
L 0.436315 1.1445984 0.436315 1.2194016 0 P 0
L 0.436315 1.1445984 0.475685 1.1445984 0 P 0
L 0.436315 1.182 0.475685 1.182 0 P 0
L 0.436315 1.2194016 0.475685 1.2194016 0 P 0
L 0.439315 0.9385984 0.439315 1.0134016 0 P 0
L 0.439315 0.9385984 0.478685 0.9385984 0 P 0
L 0.439315 0.976 0.478685 0.976 0 P 0
L 0.439315 1.0134016 0.478685 1.0134016 0 P 0
L 0.442126 1.0728346 0.442126 1.1122046 0 P 0
L 0.4448819 1.7204725 0.4448819 1.7598425 0 P 0
L 0.4462307 1.1062993 0.4462307 1.1811025 0 P 0
L 0.4559154 1.4184174 0.4559154 1.4577874 0 P 0
L 0.456 1.162315 0.456 1.201685 0 P 0
L 0.459 0.956315 0.459 0.995685 0 P 0
L 0.4610236 0.7952756 0.4610236 0.8346456 0 P 0
L 0.4610236 0.8486221 0.4610236 0.8879921 0 P 0
L 0.4645669 1.7027559 0.4645669 1.7775591 0 P 0
L 0.475685 1.1445984 0.475685 1.2194016 0 P 0
L 0.478685 0.9385984 0.478685 1.0134016 0 P 0
L 0.4852363 1.4635827 0.4852363 1.5383859 0 P 0
L 0.4852363 1.4635827 0.5246063 1.4635827 0 P 0
L 0.4852363 1.5009843 0.5246063 1.5009843 0 P 0
L 0.4852363 1.5383859 0.5246063 1.5383859 0 P 0
L 0.5011812 1.2798897 0.5011812 1.3546929 0 P 0
L 0.5011812 1.2798897 0.5405512 1.2798897 0 P 0
L 0.5011812 1.3172913 0.5405512 1.3172913 0 P 0
L 0.5011812 1.3546929 0.5405512 1.3546929 0 P 0
L 0.5049213 1.4812993 0.5049213 1.5206693 0 P 0
L 0.5208662 1.2976063 0.5208662 1.3369763 0 P 0
L 0.5246063 1.4635827 0.5246063 1.5383859 0 P 0
L 0.5255906 1.4633859 0.5255906 1.5381891 0 P 0
L 0.5255906 1.4633859 0.5649606 1.4633859 0 P 0
L 0.5255906 1.5007875 0.5649606 1.5007875 0 P 0
L 0.5255906 1.5381891 0.5649606 1.5381891 0 P 0
L 0.5403543 1.4163386 0.5403543 1.4557086 0 P 0
L 0.5403543 1.4163386 0.6151575 1.4163386 0 P 0
L 0.5403543 1.4557086 0.6151575 1.4557086 0 P 0
L 0.5405512 1.2798897 0.5405512 1.3546929 0 P 0
L 0.5452756 1.4811025 0.5452756 1.5204725 0 P 0
L 0.5452756 1.7035433 0.5452756 1.7783465 0 P 0
L 0.5452756 1.7035433 0.5846456 1.7035433 0 P 0
L 0.5452756 1.7409449 0.5846456 1.7409449 0 P 0
L 0.5452756 1.7783465 0.5846456 1.7783465 0 P 0
L 0.5580709 1.4360236 0.5974409 1.4360236 0 P 0
L 0.5649606 1.4633859 0.5649606 1.5381891 0 P 0
L 0.5649606 1.7212599 0.5649606 1.7606299 0 P 0
L 0.5777559 1.4163386 0.5777559 1.4557086 0 P 0
L 0.5830709 1.3125983 0.5830709 1.3874015 0 P 0
L 0.5830709 1.3125983 0.6224409 1.3125983 0 P 0
L 0.5830709 1.3499999 0.6224409 1.3499999 0 P 0
L 0.5830709 1.3874015 0.6224409 1.3874015 0 P 0
L 0.5846456 1.7035433 0.5846456 1.7783465 0 P 0
L 0.6027559 1.3303149 0.6027559 1.3696849 0 P 0
L 0.6151575 1.4163386 0.6151575 1.4557086 0 P 0
L 0.6224409 1.3125983 0.6224409 1.3874015 0 P 0
L 0.6417323 0.6722441 0.6417323 0.7470473 0 P 0
L 0.6417323 0.6722441 0.6811023 0.6722441 0 P 0
L 0.6417323 0.7096457 0.6811023 0.7096457 0 P 0
L 0.6417323 0.7470473 0.6811023 0.7470473 0 P 0
L 0.6614173 0.6899607 0.6614173 0.7293307 0 P 0
L 0.6692914 1.7037401 0.6692914 1.7785433 0 P 0
L 0.6692914 1.7037401 0.7086614 1.7037401 0 P 0
L 0.6692914 1.7411417 0.7086614 1.7411417 0 P 0
L 0.6692914 1.7785433 0.7086614 1.7785433 0 P 0
L 0.6722441 1.5787403 0.6722441 1.6181103 0 P 0
L 0.6722441 1.5787403 0.7470473 1.5787403 0 P 0
L 0.6722441 1.6181103 0.7470473 1.6181103 0 P 0
L 0.6811023 0.6722441 0.6811023 0.7470473 0 P 0
L 0.6889764 1.7214567 0.6889764 1.7608267 0 P 0
L 0.6899607 1.5984253 0.7293307 1.5984253 0 P 0
L 0.7086614 1.7037401 0.7086614 1.7785433 0 P 0
L 0.7096457 1.5787403 0.7096457 1.6181103 0 P 0
L 0.722441 1.484252 0.722441 1.5590552 0 P 0
L 0.722441 1.484252 0.761811 1.484252 0 P 0
L 0.722441 1.5216536 0.761811 1.5216536 0 P 0
L 0.722441 1.5590552 0.761811 1.5590552 0 P 0
L 0.729315 0.6716535 0.729315 0.7464567 0 P 0
L 0.729315 0.6716535 0.768685 0.6716535 0 P 0
L 0.729315 0.7090551 0.768685 0.7090551 0 P 0
L 0.729315 0.7464567 0.768685 0.7464567 0 P 0
L 0.742126 1.5019686 0.742126 1.5413386 0 P 0
L 0.7470473 1.5787403 0.7470473 1.6181103 0 P 0
L 0.749 0.6893701 0.749 0.7287401 0 P 0
L 0.761811 1.484252 0.761811 1.5590552 0 P 0
L 0.768685 0.6716535 0.768685 0.7464567 0 P 0
L 0.7755905 1.3120079 0.7755905 1.3513779 0 P 0
L 0.7755905 1.3120079 0.8503937 1.3120079 0 P 0
L 0.7755905 1.3513779 0.8503937 1.3513779 0 P 0
L 0.7755984 1.352315 0.7755984 1.391685 0 P 0
L 0.7755984 1.352315 0.8504016 1.352315 0 P 0
L 0.7755984 1.391685 0.8504016 1.391685 0 P 0
L 0.7874016 1.7035433 0.7874016 1.7783465 0 P 0
L 0.7874016 1.7035433 0.8267716 1.7035433 0 P 0
L 0.7874016 1.7409449 0.8267716 1.7409449 0 P 0
L 0.7874016 1.7783465 0.8267716 1.7783465 0 P 0
L 0.7933071 1.3316929 0.8326771 1.3316929 0 P 0
L 0.793315 1.372 0.832685 1.372 0 P 0
L 0.8070866 1.7212599 0.8070866 1.7606299 0 P 0
L 0.8129921 1.3120079 0.8129921 1.3513779 0 P 0
L 0.813 1.352315 0.813 1.391685 0 P 0
L 0.8149606 1.3918306 0.8149606 1.4312006 0 P 0
L 0.8149606 1.3918306 0.8897638 1.3918306 0 P 0
L 0.8149606 1.4312006 0.8897638 1.4312006 0 P 0
L 0.8208661 0.7094489 0.8208661 0.7488189 0 P 0
L 0.8208661 0.7094489 0.8956693 0.7094489 0 P 0
L 0.8208661 0.7488189 0.8956693 0.7488189 0 P 0
L 0.8267716 1.7035433 0.8267716 1.7783465 0 P 0
L 0.8326772 1.4115156 0.8720472 1.4115156 0 P 0
L 0.8385827 0.7291339 0.8779527 0.7291339 0 P 0
L 0.8503937 1.3120079 0.8503937 1.3513779 0 P 0
L 0.8504016 1.352315 0.8504016 1.391685 0 P 0
L 0.8523622 1.3918306 0.8523622 1.4312006 0 P 0
L 0.8582677 0.7094489 0.8582677 0.7488189 0 P 0
L 0.8845984 1.317315 0.8845984 1.356685 0 P 0
L 0.8845984 1.317315 0.9594016 1.317315 0 P 0
L 0.8845984 1.356685 0.9594016 1.356685 0 P 0
L 0.8897638 1.3918306 0.8897638 1.4312006 0 P 0
L 0.8956693 0.7094489 0.8956693 0.7488189 0 P 0
L 0.902315 1.337 0.941685 1.337 0 P 0
L 0.9064961 1.7047244 0.9064961 1.7795276 0 P 0
L 0.9064961 1.7047244 0.9458661 1.7047244 0 P 0
L 0.9064961 1.742126 0.9458661 1.742126 0 P 0
L 0.9064961 1.7795276 0.9458661 1.7795276 0 P 0
L 0.922 1.317315 0.922 1.356685 0 P 0
L 0.9261811 1.722441 0.9261811 1.761811 0 P 0
L 0.9458661 1.7047244 0.9458661 1.7795276 0 P 0
L 0.9594016 1.317315 0.9594016 1.356685 0 P 0
L 1.0305119 0.9045275 1.0305119 0.9793307 0 P 0
L 1.0305119 0.9045275 1.0698819 0.9045275 0 P 0
L 1.0305119 0.9419291 1.0698819 0.9419291 0 P 0
L 1.0305119 0.9793307 1.0698819 0.9793307 0 P 0
L 1.038315 1.0735984 1.038315 1.1484016 0 P 0
L 1.038315 1.0735984 1.077685 1.0735984 0 P 0
L 1.038315 1.111 1.077685 1.111 0 P 0
L 1.038315 1.1484016 1.077685 1.1484016 0 P 0
L 1.0501969 0.9222441 1.0501969 0.9616141 0 P 0
L 1.058 1.091315 1.058 1.130685 0 P 0
L 1.0679134 1.4616142 1.0679134 1.5009842 0 P 0
L 1.0679134 1.4616142 1.1427166 1.4616142 0 P 0
L 1.0679134 1.5009842 1.1427166 1.5009842 0 P 0
L 1.0698819 0.9045275 1.0698819 0.9793307 0 P 0
L 1.077685 1.0735984 1.077685 1.1484016 0 P 0
L 1.08563 1.4812992 1.125 1.4812992 0 P 0
L 1.0925197 1.7296384 1.0925197 1.7690084 0 P 0
L 1.0925197 1.7296384 1.1673229 1.7296384 0 P 0
L 1.0925197 1.7690084 1.1673229 1.7690084 0 P 0
L 1.105315 1.4616142 1.105315 1.5009842 0 P 0
L 1.1102363 1.7493234 1.1496063 1.7493234 0 P 0
L 1.1299213 1.7296384 1.1299213 1.7690084 0 P 0
L 1.136811 1.4616142 1.136811 1.5009842 0 P 0
L 1.136811 1.4616142 1.2116142 1.4616142 0 P 0
L 1.136811 1.5009842 1.2116142 1.5009842 0 P 0
L 1.1427166 1.4616142 1.1427166 1.5009842 0 P 0
L 1.1545276 1.4812992 1.1938976 1.4812992 0 P 0
L 1.1563976 1.7726377 1.1563976 1.8474409 0 P 0
L 1.1563976 1.7726377 1.1957676 1.7726377 0 P 0
L 1.1563976 1.8100393 1.1957676 1.8100393 0 P 0
L 1.1563976 1.8474409 1.1957676 1.8474409 0 P 0
L 1.1597441 1.8583661 1.1597441 1.8977361 0 P 0
L 1.1597441 1.8583661 1.2345473 1.8583661 0 P 0
L 1.1597441 1.8977361 1.2345473 1.8977361 0 P 0
L 1.1664369 1.7296384 1.1664369 1.7690084 0 P 0
L 1.1664369 1.7296384 1.2412401 1.7296384 0 P 0
L 1.1664369 1.7690084 1.2412401 1.7690084 0 P 0
L 1.1673229 1.7296384 1.1673229 1.7690084 0 P 0
L 1.1742126 1.4616142 1.1742126 1.5009842 0 P 0
L 1.1760826 1.7903543 1.1760826 1.8297243 0 P 0
L 1.1774607 1.8780511 1.2168307 1.8780511 0 P 0
L 1.1841535 1.7493234 1.2235235 1.7493234 0 P 0
L 1.1957676 1.7726377 1.1957676 1.8474409 0 P 0
L 1.1971457 1.8583661 1.1971457 1.8977361 0 P 0
L 1.2038385 1.7296384 1.2038385 1.7690084 0 P 0
L 1.2116142 1.4616142 1.2116142 1.5009842 0 P 0
L 1.2137007 1.7726377 1.2137007 1.8474409 0 P 0
L 1.2137007 1.7726377 1.2530707 1.7726377 0 P 0
L 1.2137007 1.8100393 1.2530707 1.8100393 0 P 0
L 1.2137007 1.8474409 1.2530707 1.8474409 0 P 0
L 1.2333857 1.7903543 1.2333857 1.8297243 0 P 0
L 1.2345473 1.8583661 1.2345473 1.8977361 0 P 0
L 1.2412401 1.7296384 1.2412401 1.7690084 0 P 0
L 1.2530707 1.7726377 1.2530707 1.8474409 0 P 0
L 2.0125138 1.4741605 2.0125138 1.5135305 0 P 0
L 2.0125138 1.4741605 2.087317 1.4741605 0 P 0
L 2.0125138 1.5135305 2.087317 1.5135305 0 P 0
L 2.0134977 1.5135305 2.0134977 1.5529005 0 P 0
L 2.0134977 1.5135305 2.0883009 1.5135305 0 P 0
L 2.0134977 1.5529005 2.0883009 1.5529005 0 P 0
L 2.0302304 1.4938455 2.0696004 1.4938455 0 P 0
L 2.0312143 1.5332155 2.0705843 1.5332155 0 P 0
L 2.0499154 1.4741605 2.0499154 1.5135305 0 P 0
L 2.0505508 1.5151416 2.0505508 1.5899448 0 P 0
L 2.0505508 1.5151416 2.0899208 1.5151416 0 P 0
L 2.0505508 1.5525432 2.0899208 1.5525432 0 P 0
L 2.0505508 1.5899448 2.0899208 1.5899448 0 P 0
L 2.0508993 1.5135305 2.0508993 1.5529005 0 P 0
L 2.0702358 1.5328582 2.0702358 1.5722282 0 P 0
L 2.087317 1.4741605 2.087317 1.5135305 0 P 0
L 2.0883009 1.5135305 2.0883009 1.5529005 0 P 0
L 2.0899208 1.5151416 2.0899208 1.5899448 0 P 0
L 2.3169291 0.3543307 2.3169291 0.3937007 0 P 0
L 2.3169291 0.3543307 2.3917323 0.3543307 0 P 0
L 2.3169291 0.3937007 2.3917323 0.3937007 0 P 0
L 2.3346457 0.3740157 2.3740157 0.3740157 0 P 0
L 2.3543307 0.3543307 2.3543307 0.3937007 0 P 0
L 2.3917323 0.3543307 2.3917323 0.3937007 0 P 0
L 2.4151512 1.5131236 2.4151512 1.5879268 0 P 0
L 2.4151512 1.5131236 2.4545212 1.5131236 0 P 0
L 2.4151512 1.5505252 2.4545212 1.5505252 0 P 0
L 2.4151512 1.5879268 2.4545212 1.5879268 0 P 0
L 2.4167519 1.5115957 2.4167519 1.5509657 0 P 0
L 2.4167519 1.5115957 2.4915551 1.5115957 0 P 0
L 2.4167519 1.5509657 2.4915551 1.5509657 0 P 0
L 2.4167524 1.4741942 2.4167524 1.5135642 0 P 0
L 2.4167524 1.4741942 2.4915556 1.4741942 0 P 0
L 2.4167524 1.5135642 2.4915556 1.5135642 0 P 0
L 2.4344685 1.5312807 2.4738385 1.5312807 0 P 0
L 2.434469 1.4938792 2.473839 1.4938792 0 P 0
L 2.4348362 1.5308402 2.4348362 1.5702102 0 P 0
L 2.437315 0.8465984 2.437315 0.9214016 0 P 0
L 2.437315 0.8465984 2.476685 0.8465984 0 P 0
L 2.437315 0.884 2.476685 0.884 0 P 0
L 2.437315 0.9214016 2.476685 0.9214016 0 P 0
L 2.4521648 1.5131236 2.4521648 1.5879268 0 P 0
L 2.4521648 1.5131236 2.4915348 1.5131236 0 P 0
L 2.4521648 1.5505252 2.4915348 1.5505252 0 P 0
L 2.4521648 1.5879268 2.4915348 1.5879268 0 P 0
L 2.4541535 1.5115957 2.4541535 1.5509657 0 P 0
L 2.454154 1.4741942 2.454154 1.5135642 0 P 0
L 2.4545212 1.5131236 2.4545212 1.5879268 0 P 0
L 2.457 0.864315 2.457 0.903685 0 P 0
L 2.4718498 1.5308402 2.4718498 1.5702102 0 P 0
L 2.476685 0.8465984 2.476685 0.9214016 0 P 0
L 2.4915348 1.5131236 2.4915348 1.5879268 0 P 0
L 2.4915551 1.5115957 2.4915551 1.5509657 0 P 0
L 2.4915556 1.4741942 2.4915556 1.5135642 0 P 0
L 2.503937 0.1437008 2.503937 0.218504 0 P 0
L 2.503937 0.1437008 2.543307 0.1437008 0 P 0
L 2.503937 0.1811024 2.543307 0.1811024 0 P 0
L 2.503937 0.218504 2.543307 0.218504 0 P 0
L 2.523622 0.1614174 2.523622 0.2007874 0 P 0
L 2.543307 0.1437008 2.543307 0.218504 0 P 0
L 2.5866142 0.2647638 2.5866142 0.339567 0 P 0
L 2.5866142 0.2647638 2.6259842 0.2647638 0 P 0
L 2.5866142 0.3021654 2.6259842 0.3021654 0 P 0
L 2.5866142 0.3385827 2.5866142 0.4133859 0 P 0
L 2.5866142 0.3385827 2.6259842 0.3385827 0 P 0
L 2.5866142 0.339567 2.6259842 0.339567 0 P 0
L 2.5866142 0.3759843 2.6259842 0.3759843 0 P 0
L 2.5866142 0.4133859 2.6259842 0.4133859 0 P 0
L 2.6062992 0.2824804 2.6062992 0.3218504 0 P 0
L 2.6062992 0.3562993 2.6062992 0.3956693 0 P 0
L 2.6259842 0.2647638 2.6259842 0.339567 0 P 0
L 2.6259842 0.3385827 2.6259842 0.4133859 0 P 0
L 2.6267717 0.3562992 2.6267717 0.4311024 0 P 0
L 2.6267717 0.3562992 2.6661417 0.3562992 0 P 0
L 2.6267717 0.3937008 2.6661417 0.3937008 0 P 0
L 2.6267717 0.4311024 2.6661417 0.4311024 0 P 0
L 2.6363228 0.8451969 2.6363228 0.8845669 0 P 0
L 2.6363228 0.8451969 2.711126 0.8451969 0 P 0
L 2.6363228 0.8845669 2.711126 0.8845669 0 P 0
L 2.6382206 0.8803779 2.6382206 0.9551811 0 P 0
L 2.6382206 0.8803779 2.6775906 0.8803779 0 P 0
L 2.6382206 0.9177795 2.6775906 0.9177795 0 P 0
L 2.6382206 0.9551811 2.6775906 0.9551811 0 P 0
L 2.6464567 0.3740158 2.6464567 0.4133858 0 P 0
L 2.6540394 0.8648819 2.6934094 0.8648819 0 P 0
L 2.6579056 0.8980945 2.6579056 0.9374645 0 P 0
L 2.6584645 0.2332678 2.6584645 0.2726378 0 P 0
L 2.6584645 0.2332678 2.7332677 0.2332678 0 P 0
L 2.6584645 0.2726378 2.7332677 0.2726378 0 P 0
L 2.6661417 0.3562992 2.6661417 0.4311024 0 P 0
L 2.669715 1.5787984 2.669715 1.6536016 0 P 0
L 2.669715 1.5787984 2.709085 1.5787984 0 P 0
L 2.669715 1.6162 2.709085 1.6162 0 P 0
L 2.669715 1.6536016 2.709085 1.6536016 0 P 0
L 2.6737244 0.8451969 2.6737244 0.8845669 0 P 0
L 2.6761811 0.2529528 2.7155511 0.2529528 0 P 0
L 2.6775906 0.8803779 2.6775906 0.9551811 0 P 0
L 2.6894 1.596515 2.6894 1.635885 0 P 0
L 2.6958661 0.2332678 2.6958661 0.2726378 0 P 0
L 2.709085 1.5787984 2.709085 1.6536016 0 P 0
L 2.711126 0.8451969 2.711126 0.8845669 0 P 0
L 2.7332677 0.2332678 2.7332677 0.2726378 0 P 0
L 2.7588582 0.3927166 2.7588582 0.4320866 0 P 0
L 2.7588582 0.3927166 2.8336614 0.3927166 0 P 0
L 2.7588582 0.4320866 2.8336614 0.4320866 0 P 0
L 2.7765748 0.4124016 2.8159448 0.4124016 0 P 0
L 2.7962598 0.3927166 2.7962598 0.4320866 0 P 0
L 2.8336614 0.3927166 2.8336614 0.4320866 0 P 0
L 3.0255905 0.1496063 3.0255905 0.1889763 0 P 0
L 3.0255905 0.1496063 3.1003937 0.1496063 0 P 0
L 3.0255905 0.1889763 3.1003937 0.1889763 0 P 0
L 3.0433071 0.1692913 3.0826771 0.1692913 0 P 0
L 3.0629921 0.1496063 3.0629921 0.1889763 0 P 0
L 3.1003937 0.1496063 3.1003937 0.1889763 0 P 0
L 3.1043303 0.1899607 3.1043303 0.2293307 0 P 0
L 3.1043303 0.1899607 3.1791335 0.1899607 0 P 0
L 3.1043303 0.2293307 3.1791335 0.2293307 0 P 0
L 3.1043303 0.2326631 3.1043303 0.2720331 0 P 0
L 3.1043303 0.2326631 3.1791335 0.2326631 0 P 0
L 3.1043303 0.2720331 3.1791335 0.2720331 0 P 0
L 3.1220469 0.2096457 3.1614169 0.2096457 0 P 0
L 3.1220469 0.2523481 3.1614169 0.2523481 0 P 0
L 3.1417319 0.1899607 3.1417319 0.2293307 0 P 0
L 3.1417319 0.2326631 3.1417319 0.2720331 0 P 0
L 3.1791335 0.1899607 3.1791335 0.2293307 0 P 0
L 3.1791335 0.2326631 3.1791335 0.2720331 0 P 0
L 3.480315 1.6437008 3.480315 1.718504 0 P 0
L 3.480315 1.6437008 3.519685 1.6437008 0 P 0
L 3.480315 1.6811024 3.519685 1.6811024 0 P 0
L 3.480315 1.718504 3.519685 1.718504 0 P 0
L 3.5 1.6614174 3.5 1.7007874 0 P 0
L 3.519685 1.6437008 3.519685 1.718504 0 P 0
L 3.580315 1.6437008 3.580315 1.718504 0 P 0
L 3.580315 1.6437008 3.619685 1.6437008 0 P 0
L 3.580315 1.6811024 3.619685 1.6811024 0 P 0
L 3.580315 1.718504 3.619685 1.718504 0 P 0
L 3.6 1.6614174 3.6 1.7007874 0 P 0
L 3.619685 1.6437008 3.619685 1.718504 0 P 0
L 3.680315 1.6437008 3.680315 1.718504 0 P 0
L 3.680315 1.6437008 3.719685 1.6437008 0 P 0
L 3.680315 1.6811024 3.719685 1.6811024 0 P 0
L 3.680315 1.718504 3.719685 1.718504 0 P 0
L 3.7 1.6614174 3.7 1.7007874 0 P 0
L 3.719685 1.6437008 3.719685 1.718504 0 P 0
L 3.7810946 1.6437008 3.7810946 1.718504 0 P 0
L 3.7810946 1.6437008 3.8204646 1.6437008 0 P 0
L 3.7810946 1.6811024 3.8204646 1.6811024 0 P 0
L 3.7810946 1.718504 3.8204646 1.718504 0 P 0
L 3.8007796 1.6614174 3.8007796 1.7007874 0 P 0
L 3.8204646 1.6437008 3.8204646 1.718504 0 P 0
